100 100
0 6807 5249 73 3658 8930 1272 7544 878 7923 7709 4440 8165 4492 3042 7987 2503 2327 1729 8840 2612 4303 3169 7709 7157 9560 933 3099 278 1816 5335 9097 7826 3512 9267 3810 7633 979 9149 6579 8821 1967 672 1393 9336 5485 1745 5228 4091 194 6357 5001 1153 6708 7944 5668 1490 8124 2196 9530 903 7722 4666 8549 8024 7801 6853 977 7408 8228 4933 298 8981 8635 8013 3865 9814 9063 4536 9425 1669 4115 94 5629 6501 6517 4195 105 404 9451 4298 2188 1123 9505 6882 6752 1566 6716 337 4438 
6807 0 3144 1501 4897 3871 5828 1137 9358 3177 2397 2294 7904 1609 6231 9745 4175 3635 6298 8142 399 7968 412 260 3557 1594 8008 6395 5968 9113 4530 1006 962 7942 5365 2082 9852 767 3821 5695 4712 3671 9901 8590 4831 4738 3057 1616 9790 5640 679 7335 7006 7972 6098 9095 5319 3454 5223 2289 6760 8905 6126 6123 9506 5813 6770 5238 9094 6220 7844 2366 534 5226 5394 1363 8738 7844 9590 6550 5159 8623 4947 7385 7217 5272 5539 9247 2385 3496 4885 623 2420 8144 1968 5735 9915 1625 3534 6042 
5249 3144 0 6011 4679 4152 5244 7295 8818 396 7692 1815 2991 33 2669 9397 9553 547 5825 1210 9662 211 3808 3377 2761 625 7335 1868 7995 2776 2767 7439 9874 9331 556 6301 8872 560 94 8984 3755 9789 1407 8015 193 2769 5680 3455 6855 7506 963 3502 6676 3108 3249 2331 7844 7638 808 9997 8651 4849 5203 5731 6531 8014 5419 6775 2009 180 7929 5223 4054 8260 6737 1545 7317 7525 4200 4256 1564 597 6648 7704 5550 5150 1976 1412 8554 2797 2504 8381 4748 7065 9378 7699 8209 5129 8553 5483 
73 1501 6011 0 447 4607 773 5322 4305 5176 53 7224 4630 366 5400 444 5370 285 3016 3898 8155 1133 5557 6576 3178 8266 7357 1711 7878 614 4819 5737 3133 591 3720 8762 6633 6197 6031 8588 589 4873 8877 7304 9358 1200 7254 8960 4915 3947 5480 7730 9955 4546 7107 1238 0 4926 5035 4857 1113 114 9593 1360 8354 8418 5357 2585 3729 1015 6563 6102 917 6643 9419 2967 7747 5269 5395 3303 4473 9103 1748 4385 5658 3459 5406 3930 9824 5132 973 9603 6897 7920 3950 5231 8480 203 3900 4520 
3658 4897 4679 447 0 2533 1258 7003 8676 950 3934 8780 9879 1832 2574 3549 4542 6249 2771 6310 5879 983 9970 2040 2723 3650 2971 3229 318 7746 299 7230 5621 776 124 8244 6958 7696 6771 9064 1560 6598 8751 9940 4503 9551 2801 7205 5080 418 9274 9649 413 3320 9025 2012 1783 4788 4117 4008 1550 5324 9195 1257 4511 5690 8666 2410 593 553 9565 960 8742 1403 4352 7307 6141 4910 3200 2799 3127 171 7787 4414 1625 6641 9517 5348 1842 4315 5974 1445 1373 2220 9911 9239 5054 1305 6929 2253 
8930 3871 4152 4607 2533 0 4189 5166 4356 9304 9860 5898 5592 1720 6116 1580 8867 9352 6939 8698 4901 811 6616 6891 8671 1728 6671 1661 7045 3120 240 7158 9453 9627 5350 3711 5563 9594 7533 1727 7827 8795 9531 7442 1516 5006 8515 6924 2601 7097 8661 7103 4324 108 4936 2281 7015 3710 3216 1905 5973 7781 2720 791 1169 7865 5827 9536 6728 7125 384 167 9949 476 6046 1576 8666 7467 520 7384 1991 5210 3258 8211 8744 9518 5718 1934 6825 767 8689 9818 3014 1825 2918 8028 3029 8034 6727 1240 
1272 5828 5244 773 1258 4189 0 3754 6540 8396 935 3083 8048 6865 7011 5252 3064 7876 7237 2675 245 2710 415 8192 4710 4747 3037 1299 8447 9715 1693 9579 7129 5164 3979 3501 5525 289 4958 4033 1800 5089 7670 5217 846 1038 9543 338 5936 3321 7719 6496 1247 3788 8359 5987 5035 5235 3912 5684 5989 3784 3734 2667 519 2615 7045 5976 6661 5825 2819 1631 2903 2698 6798 2639 4004 9503 679 8765 7391 4107 4924 4365 7121 4454 7106 7450 1703 832 1032 2141 1654 1977 2217 3900 7289 3465 4747 3622 
7544 1137 7295 5322 7003 5166 3754 0 9879 9317 1516 4048 2762 1029 9039 2708 5903 2657 761 5752 1466 8621 4557 6996 6955 6930 1494 5555 2221 9312 2293 1427 2232 7444 4791 2198 9152 4856 3570 4303 7439 2914 5799 6766 1835 1921 6043 2752 4086 9719 9150 8410 8623 4669 9605 9943 7311 2431 7992 9816 8699 6971 639 1370 5836 9891 2857 4833 3328 8177 4410 7683 5176 3489 2091 434 4711 6904 1026 4891 790 522 9364 6890 4884 6813 1441 7127 6179 5784 4537 9870 7561 2581 4165 5802 7732 7332 7854 9759 
878 9358 8818 4305 8676 4356 6540 9879 0 9847 2377 462 9010 3819 8150 3377 941 3836 6720 2299 6112 4759 9956 4390 6152 48 5014 9044 4918 150 101 1295 9821 5731 4501 8245 4961 6057 3510 3928 805 2173 2137 9669 9096 4503 7421 8675 8518 4300 6489 262 2054 8263 8643 4889 5250 6735 9415 1364 2494 963 7758 5652 5092 7316 6714 1420 8060 7450 3368 8741 1847 9196 4787 2501 8234 3128 571 7448 7875 7253 1871 9329 2293 3719 3471 8820 5764 1079 2630 4410 8080 6113 3342 8138 8382 6044 8828 8393 
7923 3177 396 5176 950 9304 8396 9317 9847 0 3575 980 9000 5596 5947 7370 6087 6543 2733 2852 261 6824 4400 2380 778 1857 3423 9498 7014 2845 1662 8509 6610 6849 9218 9290 5055 5743 8555 6385 6534 6275 7321 1151 1226 5251 4459 2783 6714 6437 7879 7698 4100 3137 4285 5878 8284 342 4915 5960 3067 5140 707 3566 728 562 6363 1969 2890 2623 2278 7313 5761 7010 4840 6978 6000 7394 4507 7656 6551 1786 3431 4544 739 8776 7584 4252 4108 5514 1454 5019 3028 6671 2370 6663 7947 4024 4543 6854 
7709 2397 7692 53 3934 9860 935 1516 2377 3575 0 6008 4981 552 6288 8163 8359 1019 5379 5356 9461 8487 8353 3899 5788 4244 9880 2466 8283 5274 236 8909 8567 1834 7939 9684 9651 9549 9266 7467 110 9589 6327 7773 5581 9295 7936 7874 5435 8231 6972 3028 9798 9070 4587 6297 9089 2646 9090 8111 6612 7463 2112 3781 1951 9230 3321 3213 5128 1950 8600 8959 9754 9992 5194 3330 8632 3559 8777 7779 8632 3272 6383 9081 7153 2622 8521 7956 9818 5591 6900 196 4120 2704 3599 7129 7144 9175 870 8416 
4440 2294 1815 7224 8780 5898 3083 4048 462 980 6008 0 4599 7080 4618 4288 9452 8128 2800 7662 4840 9149 6385 6583 4515 659 4878 5959 8561 8382 8048 4054 9440 1381 8770 2028 251 7544 5869 7595 2469 2710 8172 5923 2125 6219 8850 1431 1243 7846 5869 6670 1394 4610 6392 1064 9524 9361 9519 3620 1562 1661 3725 9434 5949 2090 7322 6260 93 9928 5122 6381 6366 6468 1023 2722 6639 3517 8793 9364 9178 1956 6771 8341 1355 836 8489 9728 7120 4902 312 9616 3347 3946 2851 2672 5811 6523 1736 2605 
8165 7904 2991 4630 9879 5592 8048 2762 9010 9000 4981 4599 0 9607 633 7866 1553 1412 7925 4040 9153 4257 1733 8295 8139 2251 1258 2694 4160 1138 9929 9875 4598 4292 5633 4562 3276 3236 646 3873 9464 7484 2192 4119 3842 9328 8859 262 4145 5716 7127 2172 8748 4000 4370 1398 1292 9545 8928 2300 2143 2192 3563 4783 4272 9801 4009 6221 4486 4513 5769 2531 5357 5819 9486 6856 9816 4254 9754 9814 2615 6537 2966 7297 8877 5760 7412 191 8231 4174 2463 4877 324 4784 7833 6750 9527 4999 7429 9609 
4492 1609 33 366 1832 1720 6865 1029 3819 5596 552 7080 9607 0 2144 5364 2451 2812 1979 4134 2407 3583 7600 4259 8310 753 5891 9321 3225 5253 3929 6096 553 661 4858 7491 2963 2920 768 1687 6526 5472 5219 5641 8204 2951 8092 8445 1370 9474 1962 6176 5317 5826 8413 3344 2571 5979 1035 8129 7288 9848 978 5617 7723 7838 9508 8929 4926 9968 1806 5199 2255 9829 3276 3488 7896 2819 1864 1137 2416 318 4491 683 8398 1120 9748 9961 5651 1018 5977 9946 8661 1478 2228 5063 5235 1506 1308 8968 
3042 6231 2669 5400 2574 6116 7011 9039 8150 5947 6288 4618 633 2144 0 5679 4119 7323 9677 9392 8953 6978 1853 9295 8271 8475 204 6962 8032 8819 3531 4035 9468 2468 2610 234 7270 6778 6265 9045 3279 9075 5327 2687 5363 9037 5766 4534 3083 8675 6184 9555 4156 7399 3664 2093 7886 633 4924 8047 194 1330 6767 5665 6910 1682 6805 6314 9652 6241 3585 7591 7806 4760 7960 912 403 3430 1085 4200 8585 4467 484 3988 5200 5686 100 5495 8199 1102 4428 7183 3917 7136 7802 4489 6578 9725 789 6722 
7987 9745 9397 444 3549 1580 5252 2708 3377 7370 8163 4288 7866 5364 5679 0 595 605 2319 8691 721 7774 8514 9862 5706 1283 4626 6419 3801 4330 7644 2375 3258 1462 3131 6736 720 8308 1024 6947 508 8411 9397 6000 8314 1896 3999 5645 2533 4962 539 3754 8821 4286 6536 10 4662 8173 4493 6635 4988 4571 6838 4821 4891 8413 560 9957 4092 8743 9775 2768 413 415 6636 9891 3347 4369 4832 4134 8928 5143 879 906 9054 5807 2537 5203 4421 7447 1034 1949 9416 7759 1938 8550 5183 2186 1096 9685 
2503 4175 9553 5370 4542 8867 3064 5903 941 6087 8359 9452 1553 2451 4119 595 0 524 7922 363 9181 3012 3251 2202 5495 1536 3454 2208 6980 8031 830 2095 6714 3112 2136 9937 2009 5685 2919 4381 9610 9908 1609 9439 2867 6119 1266 4999 4520 4515 2577 9922 7142 3980 5881 6885 30 6325 2436 6994 3945 2602 3233 8480 3456 2834 6517 8881 8781 3458 2805 4992 4160 8651 6201 8542 3944 9635 7555 1872 7443 7322 7013 8441 4781 5779 9518 7160 1729 4955 9082 9364 3032 9313 9195 4328 2504 9855 7711 3881 
2327 3635 547 285 6249 9352 7876 2657 3836 6543 1019 8128 1412 2812 7323 605 524 0 1610 9904 2551 7616 6761 8864 5405 2122 5113 4943 8636 5118 2994 2188 3743 7639 4502 343 5070 6219 8212 3317 9932 7782 4097 7859 7073 5590 4819 4010 911 3015 4978 8542 6045 8270 562 3008 3983 1099 709 8213 8550 2951 4665 3502 1617 4953 5299 7916 7584 1869 7442 3503 1515 4329 7257 3382 264 9352 5154 2526 6027 8755 9259 2952 7386 7422 9129 3786 5549 1879 9198 8890 8603 4686 2443 8827 3585 198 8587 817 
1729 6298 5825 3016 2771 6939 7237 761 6720 2733 5379 2800 7925 1979 9677 2319 7922 1610 0 4031 3476 7461 1563 214 6383 6832 9722 5511 2791 2871 6142 4733 1553 8030 2380 8704 4915 8887 7110 6681 1558 8786 1433 4040 2659 1936 7562 6938 9754 4526 3526 9712 7595 8621 1177 341 9158 3054 6020 7197 4727 2451 9462 332 2937 804 6057 4405 907 9943 4258 6539 7343 3697 2281 2965 1457 5605 117 8412 5624 184 1459 299 2216 4740 6851 7846 2922 6893 8615 8049 1361 3649 7231 7796 6123 696 7444 5250 
8840 8142 1210 3898 6310 8698 2675 5752 2299 2852 5356 7662 4040 4134 9392 8691 363 9904 4031 0 6238 2431 9359 5935 1265 7801 8387 2437 3948 5120 5424 3894 2775 7903 4989 6286 845 4143 7257 6332 3261 5578 7104 4202 7031 8220 4686 8630 8643 2367 5648 3844 7317 9749 125 1273 7863 5416 6680 5348 979 957 6814 2705 2189 3307 4905 4527 3614 3715 9308 8897 9449 7495 6029 9026 7866 4398 8985 6662 7518 8853 579 6203 3383 723 559 3221 1174 9034 2675 702 9436 3279 2915 4750 3013 8850 2492 2948 
2612 399 9662 8155 5879 4901 245 1466 6112 261 9461 4840 9153 2407 8953 721 9181 2551 3476 6238 0 4083 2981 5847 3208 2706 178 2306 8267 4114 3910 4470 7358 8617 4946 2304 7656 9663 3637 9898 1734 8656 8508 3012 9113 6280 6724 9104 4613 2073 9962 2979 4377 8269 1147 5631 9753 5633 8739 2520 1194 7597 9424 6871 4958 3320 8948 8018 7401 517 6392 2613 3580 1356 7940 8594 3868 5670 2463 1649 5134 6425 9871 1891 5650 1217 10 2654 6525 3901 5494 6392 8034 4970 2546 6187 6121 1565 3589 2971 
4303 7968 211 1133 983 811 2710 8621 4759 6824 8487 9149 4257 3583 6978 7774 3012 7616 7461 2431 4083 0 4865 1160 2110 775 8109 9694 3323 1534 8474 4414 5494 423 6875 3077 1357 5627 5222 5574 172 8839 4039 8183 4417 530 3890 2606 4896 2012 5895 1938 7516 5321 9684 9227 5578 4460 1972 3487 3635 1581 526 9194 2030 1295 9258 3419 2212 3443 2312 8706 6628 6593 3926 1226 2726 2733 2981 5296 9392 8061 9009 1377 6124 522 4240 1052 7815 5180 1292 7151 6052 4973 4677 417 7626 2465 6261 2739 
3169 412 3808 5557 9970 6616 415 4557 9956 4400 8353 6385 1733 7600 1853 8514 3251 6761 1563 9359 2981 4865 0 849 5007 7719 2430 376 7825 3581 8327 8659 3497 1193 8225 4829 8822 1348 2553 879 9468 6227 7424 6431 4277 6406 500 1272 1601 3930 698 9077 4549 7294 7127 3652 59 9577 4670 8151 7224 7084 5020 5015 5219 4177 8695 6895 5664 5600 5118 5117 3723 1617 3754 9568 8587 4575 4913 8122 4157 716 582 142 962 8008 8440 7305 1170 7406 5201 8719 1620 2962 317 7135 1752 894 3235 4610 
7709 260 3377 6576 2040 6891 8192 6996 4390 2380 3899 6583 8295 4259 9295 9862 2202 8864 214 5935 5847 1160 849 0 831 4363 1851 3847 5451 1110 5549 9447 6234 1748 9223 8088 6771 932 8959 7256 5345 4702 9723 2889 1819 7494 4886 7107 7392 2500 4946 5401 9365 2744 2756 4474 7917 5775 3695 2866 6864 6491 791 9940 3756 4059 9897 8097 5309 5563 6022 9085 6899 3519 1720 7392 148 4053 5776 2876 6833 3797 5193 2903 8008 4374 6766 6303 6630 7581 9186 3725 7669 6425 5158 3185 2399 5421 3114 260 
7157 3557 2761 3178 2723 8671 4710 6955 6152 778 5788 4515 8139 8310 8271 5706 5495 5405 6383 1265 3208 2110 5007 831 0 5056 4872 53 3853 5775 4581 9555 6162 5048 2745 9452 470 1631 8400 2263 9547 8919 7370 8201 3959 8582 1579 8996 6029 3501 7656 930 5581 6420 6362 2151 4045 3170 8454 5157 5093 8015 9808 3861 3966 1173 1878 3086 7030 3052 8026 4379 9710 3432 1951 5772 3301 187 8879 5608 7537 7036 6202 8478 7123 4088 2574 4509 3596 5123 8762 8123 7846 3879 4155 1674 8722 1431 8657 4971 
9560 1594 625 8266 3650 1728 4747 6930 48 1857 4244 659 2251 753 8475 1283 1536 2122 6832 7801 2706 775 7719 4363 5056 0 6579 6194 527 4656 6036 8216 8347 6813 6584 257 5860 1557 2600 1236 1513 7533 6475 8910 6162 3266 3806 5108 7507 2173 7537 7896 55 3224 4466 5408 6833 9561 557 3571 6576 6114 5914 1289 5735 1859 2638 8694 8460 2927 8343 842 8455 2121 5711 3580 1612 8809 5690 5483 1545 8438 2434 938 2764 6481 2840 4550 118 1175 3598 8274 687 8842 5588 9820 7782 9805 4734 9220 
933 8008 7335 7357 2971 6671 3037 1494 5014 3423 9880 4878 1258 5891 204 4626 3454 5113 9722 8387 178 8109 2430 1851 4872 6579 0 8046 7903 4620 8850 6975 5362 2342 7070 2438 9142 8115 4735 7177 8734 2267 9874 7580 7390 696 3006 5881 6043 2272 1355 3638 1975 620 7375 1986 8197 9305 537 2595 4783 5495 176 8883 5082 9827 9151 2599 5305 8951 6377 4006 3790 9595 8396 3661 8231 2725 606 4379 470 4024 1357 9122 4053 1473 5280 4503 5083 5934 2582 9857 9563 8041 4637 7829 4687 2786 9951 6094 
3099 6395 1868 1711 3229 1661 1299 5555 9044 9498 2466 5959 2694 9321 6962 6419 2208 4943 5511 2437 2306 9694 376 3847 53 6194 8046 0 1622 9630 9630 3154 1506 3219 4717 6483 9139 5913 1692 639 6144 68 8083 6429 1865 9805 3387 940 2287 9197 6679 9568 363 8900 7999 1447 1501 4488 7205 320 6244 3572 3076 7430 9319 8969 2988 1629 6152 1132 4558 8607 1681 4562 3216 4409 9245 7548 3685 3708 813 2867 8105 9614 9654 6335 8470 6163 3979 6958 39 4059 9945 8523 3748 2744 5177 6737 7491 9042 
278 5968 7995 7878 318 7045 8447 2221 4918 7014 8283 8561 4160 3225 8032 3801 6980 8636 2791 3948 8267 3323 7825 5451 3853 527 7903 1622 0 498 9777 2004 4382 5556 175 3133 3210 1292 670 4270 2953 5353 9328 128 5873 1082 3771 9300 6405 3455 7621 5384 8934 5847 8328 2488 8785 4308 6158 2774 2923 8261 3872 3924 3335 6389 2856 3344 4998 7747 7895 3967 7383 4576 5943 836 537 2146 4362 9757 9942 9596 2903 8381 5281 9294 3788 3804 1655 687 1983 2217 5565 5293 6256 9938 1851 9487 4190 2680 
1816 9113 2776 614 7746 3120 9715 9312 150 2845 5274 8382 1138 5253 8819 4330 8031 5118 2871 5120 4114 1534 3581 1110 5775 4656 4620 9630 498 0 3832 3526 6429 8707 3414 7617 9925 2638 7526 9545 1357 6125 2307 3879 3551 1641 1959 3981 4465 6325 2494 3893 3064 4563 5429 5501 6872 6940 8053 4329 2232 2280 9359 5474 40 8776 5589 7704 18 4968 7486 1266 662 6374 7698 9821 8027 4415 4227 9841 8409 158 935 3765 4761 7761 2832 272 1219 6194 8803 5254 8131 516 2304 7683 7474 5113 2411 5544 
5335 4530 2767 4819 299 240 1693 2293 101 1662 236 8048 9929 3929 3531 7644 830 2994 6142 5424 3910 8474 8327 5549 4581 6036 8850 9630 9777 3832 0 5708 1759 3805 4672 3792 1172 215 5229 3513 7143 1480 6509 8305 9184 5049 9511 1209 8383 848 5785 4307 760 1580 2989 2063 9733 8566 8585 200 7585 4442 1174 1391 8663 4893 3303 8198 363 7761 3991 177 1089 797 9829 3712 569 5860 6531 1465 6711 7513 8096 50 804 1123 888 3722 3820 5816 8365 8377 3372 2612 380 4076 7900 7041 2618 4475 
9097 1006 7439 5737 7230 7158 9579 1427 1295 8509 8909 4054 9875 6096 4035 2375 2095 2188 4733 3894 4470 4414 8659 9447 9555 8216 6975 3154 2004 3526 5708 0 1919 5943 763 2781 2058 3582 5467 6152 2551 6461 5895 1617 2429 9627 6991 2286 5460 3456 4992 9001 3239 6411 384 1970 3513 2670 8308 3985 6120 9357 7245 7297 879 8199 9702 9783 6167 8419 5969 137 9829 7799 4618 7218 8805 815 3837 8315 7129 3024 9915 9966 7472 4496 160 9778 4279 371 5324 5445 780 5577 6558 3954 2115 4608 9621 4608 
7826 962 9874 3133 5621 9453 7129 2232 9821 6610 8567 9440 4598 553 9468 3258 6714 3743 1553 2775 7358 5494 3497 6234 6162 8347 5362 1506 4382 6429 1759 1919 0 1945 1852 6095 4211 9010 160 3282 910 8282 2110 2301 9860 9635 8020 2684 6006 6605 2708 5777 624 49 6993 6544 9416 1624 7081 7061 1985 5638 4203 7507 6022 7013 5295 4851 4183 5698 7857 7800 356 1089 1801 4499 8010 6674 8295 1528 9691 4647 2581 3293 2520 6168 2415 7476 8524 3053 4764 2487 5795 8519 2693 4806 9505 2231 5378 1349 
3512 7942 9331 591 776 9627 5164 7444 5731 6849 1834 1381 4292 661 2468 1462 3112 7639 8030 7903 8617 423 1193 1748 5048 6813 2342 3219 5556 8707 3805 5943 1945 0 1230 4209 3387 4632 974 2984 7270 4553 2911 9388 3164 9938 4688 607 2662 1158 2816 9175 8977 9492 5377 2029 2290 9860 3751 4027 6521 1439 5740 3364 5777 9136 1005 3011 1684 655 2975 3159 1539 2649 3899 2172 1974 1990 5466 6742 6222 3021 3460 9834 9447 1293 417 4101 365 8248 774 2332 4388 8765 9258 9002 5310 719 6310 2437 
9267 5365 556 3720 124 5350 3979 4791 4501 9218 7939 8770 5633 4858 2610 3131 2136 4502 2380 4989 4946 6875 8225 9223 2745 6584 7070 4717 175 3414 4672 763 1852 1230 0 3992 736 848 4008 9750 933 319 37 2632 9694 5593 6010 2811 5905 3458 3207 8553 5574 4664 1907 3802 814 4869 5439 9514 1087 8595 4448 4067 7313 1867 6560 2253 7670 8883 4956 6368 226 3400 5322 5437 5199 5571 9896 9417 9341 4158 435 8888 2471 7873 107 1920 6292 4193 4552 4189 3013 4828 7603 6198 417 3550 1988 6546 
3810 2082 6301 8762 8244 3711 3501 2198 8245 9290 9684 2028 4562 7491 234 6736 9937 343 8704 6286 2304 3077 4829 8088 9452 257 2438 6483 3133 7617 3792 2781 6095 4209 3992 0 1043 1365 9688 6811 1766 6443 7638 2004 1167 757 8122 3046 9331 6703 4120 4027 1464 6951 8205 8729 7842 8416 2188 7150 6685 9302 673 8045 3397 115 1252 4388 386 5528 9717 6622 723 8326 3196 9661 7079 7884 842 6890 9597 628 2311 6343 5544 7452 3925 7238 8072 8387 5457 1515 4327 9761 782 2977 3144 9228 1813 8535 
7633 9852 8872 6633 6958 5563 5525 9152 4961 5055 9651 251 3276 2963 7270 720 2009 5070 4915 845 7656 1357 8822 6771 470 5860 9142 9139 3210 9925 1172 2058 4211 3387 736 1043 0 3901 5239 8723 323 8964 991 1458 7959 5343 3748 5527 5452 5133 4008 5541 8121 9899 8469 6730 5381 3576 3213 9507 7154 4398 5469 2415 2680 3647 827 5475 5788 3186 7864 2247 9706 4038 2627 702 9331 4079 757 1146 4727 2440 2738 4441 4842 8502 5465 5369 8011 3908 3502 1843 5373 7080 9836 3002 6564 5970 1401 5587 
979 767 560 6197 7696 9594 289 4856 6057 5743 9549 7544 3236 2920 6778 8308 5685 6219 8887 4143 9663 5627 1348 932 1631 1557 8115 5913 1292 2638 215 3582 9010 4632 848 1365 3901 0 4040 9108 5955 205 6787 4414 8401 9665 9999 2159 457 1390 1043 6882 5482 2903 6239 7184 4261 8604 4432 5027 5784 6524 4856 7414 4707 4948 9608 3904 4987 6835 6732 1136 1757 8525 6564 3954 4328 2233 3623 2230 3244 7370 5132 1304 285 4679 6164 7655 7126 2679 1410 6720 590 3501 9224 1349 7967 8802 710 3504 
9149 3821 94 6031 6771 7533 4958 3570 3510 8555 9266 5869 646 768 6265 1024 2919 8212 7110 7257 3637 5222 2553 8959 8400 2600 4735 1692 670 7526 5229 5467 160 974 4008 9688 5239 4040 0 6763 7160 3964 1928 9927 101 1600 8382 6544 4985 69 4823 4855 6768 1678 8927 2869 8274 9421 9237 2557 7320 9789 4812 242 6683 5802 7541 3152 5067 2987 6288 5107 5033 8832 7281 3503 3232 3427 5750 3985 4970 19 5023 1865 8574 4217 3818 9793 8200 8534 6791 3357 119 545 1793 6612 3079 969 7518 5830 
6579 5695 8984 8588 9064 1727 4033 4303 3928 6385 7467 7595 3873 1687 9045 6947 4381 3317 6681 6332 9898 5574 879 7256 2263 1236 7177 639 4270 9545 3513 6152 3282 2984 9750 6811 8723 9108 6763 0 2498 3549 3657 7190 6768 808 9426 4872 6652 117 4993 5611 7441 3731 707 5268 763 6801 1922 737 9258 6978 5046 1194 8163 3583 1910 7084 8773 3787 5232 8769 1307 3762 4484 6148 4135 4630 1698 8594 5626 7050 6134 9815 5068 4591 2599 371 1569 7601 7396 410 2873 3592 3011 1128 900 1512 2379 6539 
8821 4712 3755 589 1560 7827 1800 7439 805 6534 110 2469 9464 6526 3279 508 9610 9932 1558 3261 1734 172 9468 5345 9547 1513 8734 6144 2953 1357 7143 2551 910 7270 933 1766 323 5955 7160 2498 0 7069 2851 8414 3864 6884 9611 4644 4991 9127 4441 1399 7397 2495 6 1291 8911 9538 7882 9453 8318 5123 7003 5980 7808 6873 9937 4180 9899 4293 8249 143 1818 1946 5075 5775 8281 8776 330 8335 2128 7448 6197 8162 3661 7247 4337 814 5195 6630 8807 7856 3325 8343 9666 15 2850 1142 3075 523 
1967 3671 9789 4873 6598 8795 5089 2914 2173 6275 9589 2710 7484 5472 9075 8411 9908 7782 8786 5578 8656 8839 6227 4702 8919 7533 2267 68 5353 6125 1480 6461 8282 4553 319 6443 8964 205 3964 3549 7069 0 5865 12 29 3380 2973 4157 2556 9223 1353 6 952 1376 1362 3938 6211 7266 4294 4309 9682 7396 6009 9296 3644 6735 8765 3658 7003 3903 9404 1846 2955 5950 6175 3627 5963 152 3711 9784 7987 4116 5277 5251 7290 683 5220 1999 4790 242 2311 6836 5262 7660 1269 4714 2278 1066 2957 9899 
672 9901 1407 8877 8751 9531 7670 5799 2137 7321 6327 8172 2192 5219 5327 9397 1609 4097 1433 7104 8508 4039 7424 9723 7370 6475 9874 8083 9328 2307 6509 5895 2110 2911 37 7638 991 6787 1928 3657 2851 5865 0 8850 2019 5298 6643 5968 8176 6501 6046 5488 7720 2481 9249 5711 8347 4844 8476 6796 6078 8256 8236 5662 5639 4639 6479 487 8266 3100 1606 2091 356 4898 3346 6870 1633 9001 3590 4384 8058 1127 4594 5986 8097 7089 1235 3727 2968 6500 1464 3540 9788 210 1883 3223 7831 1623 9156 8714 
1393 8590 8015 7304 9940 7442 5217 6766 9669 1151 7773 5923 4119 5641 2687 6000 9439 7859 4040 4202 3012 8183 6431 2889 8201 8910 7580 6429 128 3879 8305 1617 2301 9388 2632 2004 1458 4414 9927 7190 8414 12 8850 0 5812 4169 5752 162 4881 7935 8235 1671 6424 3070 2866 7593 1128 5626 2333 2199 1303 6126 6688 4241 2489 8419 2681 4415 1923 7798 6452 268 2961 4889 6501 9183 8993 7420 9613 1042 26 7250 2956 6432 2306 9892 8964 902 7906 2090 4719 4302 8134 8275 5992 3432 9594 2769 9043 7947 
9336 4831 193 9358 4503 1516 846 1835 9096 1226 5581 2125 3842 8204 5363 8314 2867 7073 2659 7031 9113 4417 4277 1819 3959 6162 7390 1865 5873 3551 9184 2429 9860 3164 9694 1167 7959 8401 101 6768 3864 29 2019 5812 0 6427 6795 6964 4793 9166 2094 4484 8558 3321 4666 6870 6742 5592 3154 1129 8545 4547 9272 9780 8796 1697 246 3540 106 4400 7643 3781 9414 1775 4217 9302 3892 7011 6868 4275 6137 7798 7432 8737 5766 3586 5692 504 2960 9459 9615 6395 6385 9281 3063 6268 2564 9078 8425 504 
5485 4738 2769 1200 9551 5006 1038 1921 4503 5251 9295 6219 9328 2951 9037 1896 6119 5590 1936 8220 6280 530 6406 7494 8582 3266 696 9805 1082 1641 5049 9627 9635 9938 5593 757 5343 9665 1600 808 6884 3380 5298 4169 6427 0 1115 8526 1586 7740 5723 2908 1550 3059 5420 5097 4079 3018 8317 9157 2030 721 4051 1071 9528 6022 1599 8952 3256 2749 7076 5704 3648 6687 633 2014 8657 1059 4210 2276 5800 16 170 6072 555 5442 4786 7914 3586 129 8283 3587 1587 5731 7659 7585 2199 5719 4571 9269 
1745 3057 5680 7254 2801 8515 9543 6043 7421 4459 7936 8850 8859 8092 5766 3999 1266 4819 7562 4686 6724 3890 500 4886 1579 3806 3006 3387 3771 1959 9511 6991 8020 4688 6010 8122 3748 9999 8382 9426 9611 2973 6643 5752 6795 1115 0 703 5653 9596 441 5298 8148 8237 4226 5021 7928 1994 2563 4327 8747 4198 2931 1190 4890 1330 5723 1617 5129 5307 7183 9539 3374 8433 9146 9489 7131 2871 155 9036 9479 7146 3084 8876 5874 6384 6385 5887 545 9249 2900 1986 4308 7413 912 3527 2950 5642 2185 6971 
5228 1616 3455 8960 7205 6924 338 2752 8675 2783 7874 1431 262 8445 4534 5645 4999 4010 6938 8630 9104 2606 1272 7107 8996 5108 5881 940 9300 3981 1209 2286 2684 607 2811 3046 5527 2159 6544 4872 4644 4157 5968 162 6964 8526 703 0 1349 854 9968 4260 4596 4759 673 3298 1685 9948 5619 1167 8104 3133 2429 9790 6094 1966 8031 6411 6269 3758 3399 4757 4745 3423 6655 1775 5220 9676 4975 5085 3768 4592 3567 7824 4144 1786 9190 1113 9325 1238 2743 6703 312 3611 2896 5872 5063 5896 827 2365 
4091 9790 6855 4915 5080 2601 5936 4086 8518 6714 5435 1243 4145 1370 3083 2533 4520 911 9754 8643 4613 4896 1601 7392 6029 7507 6043 2287 6405 4465 8383 5460 6006 2662 5905 9331 5452 457 4985 6652 4991 2556 8176 4881 4793 1586 5653 1349 0 703 219 9243 7871 5600 7249 1529 4738 5797 1965 916 443 5779 6947 9648 7177 7148 6580 4560 3138 7992 3761 1517 9076 2588 5542 6145 5104 1779 4469 2675 5465 5753 715 540 3169 27 701 3156 9510 7585 1693 6706 4593 6472 9815 8299 1505 446 6953 3037 
194 5640 7506 3947 418 7097 3321 9719 4300 6437 8231 7846 5716 9474 8675 4962 4515 3015 4526 2367 2073 2012 3930 2500 3501 2173 2272 9197 3455 6325 848 3456 6605 1158 3458 6703 5133 1390 69 117 9127 9223 6501 7935 9166 7740 9596 854 703 0 3149 1822 7120 6454 6822 3846 5459 8196 7128 5752 1216 7657 4876 2299 3193 903 2536 4263 435 4515 7119 5621 4493 152 5344 2515 2876 2623 1980 5009 6937 2923 1885 742 4441 2757 4802 8698 4243 4162 9385 9334 1992 7123 4679 9083 1894 7386 9552 2193 
6357 679 963 5480 9274 8661 7719 9150 6489 7879 6972 5869 7127 1962 6184 539 2577 4978 3526 5648 9962 5895 698 4946 7656 7537 1355 6679 7621 2494 5785 4992 2708 2816 3207 4120 4008 1043 4823 4993 4441 1353 6046 8235 2094 5723 441 9968 219 3149 0 2277 3609 9454 1067 568 9598 7150 1052 6854 7432 9508 9401 6190 141 2344 2194 6287 5174 331 4937 1582 6296 881 8272 3182 7433 7256 5236 5530 9415 70 1311 5333 546 3445 9520 4597 826 7912 14 3833 5501 7177 1983 3535 9945 366 3870 9269 
5001 7335 3502 7730 9649 7103 6496 8410 262 7698 3028 6670 2172 6176 9555 3754 9922 8542 9712 3844 2979 1938 9077 5401 930 7896 3638 9568 5384 3893 4307 9001 5777 9175 8553 4027 5541 6882 4855 5611 1399 6 5488 1671 4484 2908 5298 4260 9243 1822 2277 0 547 7584 4781 7332 3641 9281 7501 7247 6223 6815 8861 6661 2232 1026 740 1562 3964 3759 9577 4435 2055 3823 8926 2059 2923 5865 8939 9646 3667 4721 2083 1951 1673 3043 2586 9599 8417 3861 1793 7155 8614 294 2916 8673 5207 1201 3380 8058 
1153 7006 6676 9955 413 4324 1247 8623 2054 4100 9798 1394 8748 5317 4156 8821 7142 6045 7595 7317 4377 7516 4549 9365 5581 55 1975 363 8934 3064 760 3239 624 8977 5574 1464 8121 5482 6768 7441 7397 952 7720 6424 8558 1550 8148 4596 7871 7120 3609 547 0 9804 4091 8844 7381 9963 3198 4592 1490 5720 7954 2429 9740 9181 9960 7555 6182 7979 6965 6495 415 3250 4888 6789 2425 8457 4186 6382 4045 8714 1693 1642 1081 1312 3996 3966 4366 7790 4061 9489 9659 7635 1219 8336 1992 3323 2781 8602 
6708 7972 3108 4546 3320 108 3788 4669 8263 3137 9070 4610 4000 5826 7399 4286 3980 8270 8621 9749 8269 5321 7294 2744 6420 3224 620 8900 5847 4563 1580 6411 49 9492 4664 6951 9899 2903 1678 3731 2495 1376 2481 3070 3321 3059 8237 4759 5600 6454 9454 7584 9804 0 8805 3627 6618 6105 1663 8092 4138 1549 3933 7108 4736 3231 6496 7028 2709 8544 2217 9936 5436 7309 8539 1290 6814 4004 868 8056 3284 2017 8275 665 5912 9610 9459 1188 7348 2633 6832 2734 9906 650 1210 4707 4775 2420 4308 7721 
7944 6098 3249 7107 9025 4936 8359 9605 8643 4285 4587 6392 4370 8413 3664 6536 5881 562 1177 125 1147 9684 7127 2756 6362 4466 7375 7999 8328 5429 2989 384 6993 5377 1907 8205 8469 6239 8927 707 6 1362 9249 2866 4666 5420 4226 673 7249 6822 1067 4781 4091 8805 0 9507 7199 7957 461 4207 5190 7710 600 7136 9578 7238 8893 6115 6915 6572 7647 5343 2751 8339 7995 6626 1614 5685 6419 7080 3098 8856 6209 1489 7645 165 1076 2151 2441 3973 6815 6744 5746 3003 5283 6540 133 5253 5886 2852 
5668 9095 2331 1238 2012 2281 5987 9943 4889 5878 6297 1064 1398 3344 2093 10 6885 3008 341 1273 5631 9227 3652 4474 2151 5408 1986 1447 2488 5501 2063 1970 6544 2029 3802 8729 6730 7184 2869 5268 1291 3938 5711 7593 6870 5097 5021 3298 1529 3846 568 7332 8844 3627 9507 0 3812 6668 282 3387 7568 562 5704 9596 4812 6964 8809 5045 16 1709 2261 578 2361 3031 512 5011 8056 1960 4999 9197 8342 4506 3523 1544 3907 7284 2787 580 57 378 940 809 6262 8066 8121 5936 8807 926 4437 3136 
1490 5319 7844 0 1783 7015 5035 7311 5250 8284 9089 9524 1292 2571 7886 4662 30 3983 9158 7863 9753 5578 59 7917 4045 6833 8197 1501 8785 6872 9733 3513 9416 2290 814 7842 5381 4261 8274 763 8911 6211 8347 1128 6742 4079 7928 1685 4738 5459 9598 3641 7381 6618 7199 3812 0 6106 5952 6330 1967 6600 1036 3616 3515 4446 6599 1677 5312 480 5636 3124 8910 587 4254 4935 2023 9431 1173 9777 6757 3894 1216 2665 8471 4012 6476 5325 4507 4209 6075 1450 8792 5606 8563 1188 4029 2200 6736 2003 
8124 3454 7638 4926 4788 3710 5235 2431 6735 342 2646 9361 9545 5979 633 8173 6325 1099 3054 5416 5633 4460 9577 5775 3170 9561 9305 4488 4308 6940 8566 2670 1624 9860 4869 8416 3576 8604 9421 6801 9538 7266 4844 5626 5592 3018 1994 9948 5797 8196 7150 9281 9963 6105 7957 6668 6106 0 3315 4031 7275 9197 108 1696 9509 1716 677 6675 9024 4557 519 5092 5544 2657 9115 4972 2254 7225 8167 7137 7748 3796 4870 3536 1413 642 8041 9678 2603 981 8362 219 2808 6711 3776 6182 2367 2423 3668 1120 
2196 5223 808 5035 4117 3216 3912 7992 9415 4915 9090 9519 8928 1035 4924 4493 2436 709 6020 6680 8739 1972 4670 3695 8454 557 537 7205 6158 8053 8585 8308 7081 3751 5439 2188 3213 4432 9237 1922 7882 4294 8476 2333 3154 8317 2563 5619 1965 7128 1052 7501 3198 1663 461 282 5952 3315 0 951 4420 749 6662 7624 4291 6865 5771 6029 8869 4073 2383 4127 4568 988 8011 7230 3624 7957 4639 5259 660 3179 6624 477 3686 6601 5865 8032 5747 362 2291 7179 2991 7000 6687 8431 8623 2718 6035 310 
9530 2289 9997 4857 4008 1905 5684 9816 1364 5960 8111 3620 2300 8129 8047 6635 6994 8213 7197 5348 2520 3487 8151 2866 5157 3571 2595 320 2774 4329 200 3985 7061 4027 9514 7150 9507 5027 2557 737 9453 4309 6796 2199 1129 9157 4327 1167 916 5752 6854 7247 4592 8092 4207 3387 6330 4031 951 0 7224 4219 2557 7292 8264 3376 7905 7336 3431 4366 8492 6726 5920 1677 7404 985 1307 5505 412 1806 1571 1218 7894 9781 4069 3233 5071 3381 8586 6062 4800 7619 6141 4479 9109 185 379 9582 1980 7656 
903 6760 8651 1113 1550 5973 5989 8699 2494 3067 6612 1562 2143 7288 194 4988 3945 8550 4727 979 1194 3635 7224 6864 5093 6576 4783 6244 2923 2232 7585 6120 1985 6521 1087 6685 7154 5784 7320 9258 8318 9682 6078 1303 8545 2030 8747 8104 443 1216 7432 6223 1490 4138 5190 7568 1967 7275 4420 7224 0 9019 3494 3486 2959 1122 5463 1383 2330 5728 450 3599 65 597 9839 3683 3613 3553 8692 6824 8153 5713 1495 5011 9720 2569 7843 7568 3467 6151 3510 5315 1264 7391 9249 3540 2887 8023 2044 2538 
7722 8905 4849 114 5324 7781 3784 6971 963 5140 7463 1661 2192 9848 1330 4571 2602 2951 2451 957 7597 1581 7084 6491 8015 6114 5495 3572 8261 2280 4442 9357 5638 1439 8595 9302 4398 6524 9789 6978 5123 7396 8256 6126 4547 721 4198 3133 5779 7657 9508 6815 5720 1549 7710 562 6600 9197 749 4219 9019 0 1121 2067 7352 2752 9812 5456 3062 551 9184 6300 7616 8027 2717 9220 8208 3110 4861 4090 6863 4090 4658 6504 8932 2742 7173 7810 9811 257 8653 3014 1872 8900 7407 8021 5338 8760 3481 8034 
4666 6126 5203 9593 9195 2720 3734 639 7758 707 2112 3725 3563 978 6767 6838 3233 4665 9462 6814 9424 526 5020 791 9808 5914 176 3076 3872 9359 1174 7245 4203 5740 4448 673 5469 4856 4812 5046 7003 6009 8236 6688 9272 4051 2931 2429 6947 4876 9401 8861 7954 3933 600 5704 1036 108 6662 2557 3494 1121 0 7537 4882 6641 9510 633 637 1504 7109 6391 1449 9160 7071 8536 7959 3949 5475 8725 387 4828 1880 8007 955 2772 3007 5623 997 3062 3712 1014 4238 7596 9419 1347 7863 8174 558 1269 
8549 6123 5731 1360 1257 791 2667 1370 5652 3566 3781 9434 4783 5617 5665 4821 8480 3502 332 2705 6871 9194 5015 9940 3861 1289 8883 7430 3924 5474 1391 7297 7507 3364 4067 8045 2415 7414 242 1194 5980 9296 5662 4241 9780 1071 1190 9790 9648 2299 6190 6661 2429 7108 7136 9596 3616 1696 7624 7292 3486 2067 7537 0 5132 6012 67 1179 722 4366 7448 4254 1263 5884 2647 1779 4600 3137 823 9620 4611 6955 5138 3645 219 7709 6777 143 7708 2292 4276 1749 2 7152 1013 6271 5874 3671 9104 9701 
8024 9506 6531 8354 4511 1169 519 5836 5092 728 1951 5949 4272 7723 6910 4891 3456 1617 2937 2189 4958 2030 5219 3756 3966 5735 5082 9319 3335 40 8663 879 6022 5777 7313 3397 2680 4707 6683 8163 7808 3644 5639 2489 8796 9528 4890 6094 7177 3193 141 2232 9740 4736 9578 4812 3515 9509 4291 8264 2959 7352 4882 5132 0 2186 391 4200 4422 1215 64 7957 4871 9413 2982 5877 1685 2350 6558 5870 854 4409 5605 2210 7374 7791 8458 6066 2977 3983 9571 3715 733 3491 8258 7221 3544 4683 5318 9173 
7801 5813 8014 8418 5690 7865 2615 9891 7316 562 9230 2090 9801 7838 1682 8413 2834 4953 804 3307 3320 1295 4177 4059 1173 1859 9827 8969 6389 8776 4893 8199 7013 9136 1867 115 3647 4948 5802 3583 6873 6735 4639 8419 1697 6022 1330 1966 7148 903 2344 1026 9181 3231 7238 6964 4446 1716 6865 3376 1122 2752 6641 6012 2186 0 1585 3440 484 5027 2761 1028 2006 8615 1173 4014 7631 7354 8612 8932 7412 9139 4379 1112 5757 818 8401 8047 6035 4187 2325 7993 59 4933 5853 2407 9407 2252 2093 8690 
6853 6770 5419 5357 8666 5827 7045 2857 6714 6363 3321 7322 4009 9508 6805 560 6517 5299 6057 4905 8948 9258 8695 9897 1878 2638 9151 2988 2856 5589 3303 9702 5295 1005 6560 1252 827 9608 7541 1910 9937 8765 6479 2681 246 1599 5723 8031 6580 2536 2194 740 9960 6496 8893 8809 6599 677 5771 7905 5463 9812 9510 67 391 1585 0 8269 1033 7935 2823 2276 4161 418 5315 4649 1779 8932 802 8588 5935 8756 5605 8222 234 846 3404 4175 8793 6420 848 1798 3187 3646 9297 4167 7420 3739 173 9299 
977 5238 6775 2585 2410 9536 5976 4833 1420 1969 3213 6260 6221 8929 6314 9957 8881 7916 4405 4527 8018 3419 6895 8097 3086 8694 2599 1629 3344 7704 8198 9783 4851 3011 2253 4388 5475 3904 3152 7084 4180 3658 487 4415 3540 8952 1617 6411 4560 4263 6287 1562 7555 7028 6115 5045 1677 6675 6029 7336 1383 5456 633 1179 4200 3440 8269 0 8116 7605 656 364 4534 6600 4417 2261 4656 700 6429 3199 5604 8788 3327 460 1196 2834 5482 1753 4648 9901 1904 6340 4436 2550 8022 7984 9681 9719 9372 3601 
7408 9094 2009 3729 593 6728 6661 3328 8060 2890 5128 93 4486 4926 9652 4092 8781 7584 907 3614 7401 2212 5664 5309 7030 8460 5305 6152 4998 18 363 6167 4183 1684 7670 386 5788 4987 5067 8773 9899 7003 8266 1923 106 3256 5129 6269 3138 435 5174 3964 6182 2709 6915 16 5312 9024 8869 3431 2330 3062 637 722 4422 484 1033 8116 0 8790 3443 369 8674 5779 6208 2585 9085 4322 1211 78 6087 8002 8575 5621 5382 1916 8793 8670 5160 8281 7875 7912 6863 3551 2228 2048 4887 7257 9789 1090 
8228 6220 180 1015 553 7125 5825 8177 7450 2623 1950 9928 4513 9968 6241 8743 3458 1869 9943 3715 517 3443 5600 5563 3052 2927 8951 1132 7747 4968 7761 8419 5698 655 8883 5528 3186 6835 2987 3787 4293 3903 3100 7798 4400 2749 5307 3758 7992 4515 331 3759 7979 8544 6572 1709 480 4557 4073 4366 5728 551 1504 4366 1215 5027 7935 7605 8790 0 4605 8089 5005 8489 8385 4767 2936 6105 7623 6359 7336 8888 8234 6451 9732 9666 4888 8535 3515 5769 1297 2087 886 6390 390 8169 4552 7296 9255 9801 
4933 7844 7929 6563 9565 384 2819 4410 3368 2278 8600 5122 5769 1806 3585 9775 2805 7442 4258 9308 6392 2312 5118 6022 8026 8343 6377 4558 7895 7486 3991 5969 7857 2975 4956 9717 7864 6732 6288 5232 8249 9404 1606 6452 7643 7076 7183 3399 3761 7119 4937 9577 6965 2217 7647 2261 5636 519 2383 8492 450 9184 7109 7448 64 2761 2823 656 3443 4605 0 3200 3890 1234 1594 6600 8874 2588 2286 4025 2353 3391 7868 5275 6420 4081 1499 7085 4795 619 4851 2995 3139 6395 4669 4445 7798 3994 2179 447 
298 2366 5223 6102 960 167 1631 7683 8741 7313 8959 6381 2531 5199 7591 2768 4992 3503 6539 8897 2613 8706 5117 9085 4379 842 4006 8607 3967 1266 177 137 7800 3159 6368 6622 2247 1136 5107 8769 143 1846 2091 268 3781 5704 9539 4757 1517 5621 1582 4435 6495 9936 5343 578 3124 5092 4127 6726 3599 6300 6391 4254 7957 1028 2276 364 369 8089 3200 0 743 9196 926 463 945 1326 1771 6019 985 9919 1480 1079 1734 2126 3047 8358 4624 496 8473 598 1991 8553 3539 9800 530 5706 9660 128 
8981 534 4054 917 8742 9949 2903 5176 1847 5761 9754 6366 5357 2255 7806 413 4160 1515 7343 9449 3580 6628 3723 6899 9710 8455 3790 1681 7383 662 1089 9829 356 1539 226 723 9706 1757 5033 1307 1818 2955 356 2961 9414 3648 3374 4745 9076 4493 6296 2055 415 5436 2751 2361 8910 5544 4568 5920 65 7616 1449 1263 4871 2006 4161 4534 8674 5005 3890 743 0 938 500 5610 728 5058 5487 194 5152 8980 4856 7698 7615 4055 1422 343 3759 4449 5128 2100 9470 9065 9592 5889 466 8592 7452 4157 
8635 5226 8260 6643 1403 476 2698 3489 9196 7010 9992 6468 5819 9829 4760 415 8651 4329 3697 7495 1356 6593 1617 3519 3432 2121 9595 4562 4576 6374 797 7799 1089 2649 3400 8326 4038 8525 8832 3762 1946 5950 4898 4889 1775 6687 8433 3423 2588 152 881 3823 3250 7309 8339 3031 587 2657 988 1677 597 8027 9160 5884 9413 8615 418 6600 5779 8489 1234 9196 938 0 1724 1490 5087 4205 231 4689 6456 9338 4890 5750 4967 9196 7291 1944 5816 233 5958 9862 3066 6319 9232 7402 2918 1977 2781 7193 
8013 5394 6737 9419 4352 6046 6798 2091 4787 4840 5194 1023 9486 3276 7960 6636 6201 7257 2281 6029 7940 3926 3754 1720 1951 5711 8396 3216 5943 7698 9829 4618 1801 3899 5322 3196 2627 6564 7281 4484 5075 6175 3346 6501 4217 633 9146 6655 5542 5344 8272 8926 4888 8539 7995 512 4254 9115 8011 7404 9839 2717 7071 2647 2982 1173 5315 4417 6208 8385 1594 926 500 1724 0 3889 3947 2971 8849 5047 8341 3965 2679 7614 2399 8760 2266 1527 6771 94 2017 9041 7995 615 7097 5974 3851 6974 446 9217 
3865 1363 1545 2967 7307 1576 2639 434 2501 6978 3330 2722 6856 3488 912 9891 8542 3382 2965 9026 8594 1226 9568 7392 5772 3580 3661 4409 836 9821 3712 7218 4499 2172 5437 9661 702 3954 3503 6148 5775 3627 6870 9183 9302 2014 9489 1775 6145 2515 3182 2059 6789 1290 6626 5011 4935 4972 7230 985 3683 9220 8536 1779 5877 4014 4649 2261 2585 4767 6600 463 5610 1490 3889 0 6379 8266 5079 3001 1997 4052 1237 5650 3870 5331 8014 68 8197 4491 9878 513 9219 2529 7912 5803 7536 498 9689 1286 
9814 8738 7317 7747 6141 8666 4004 4711 8234 6000 8632 6639 9816 7896 403 3347 3944 264 1457 7866 3868 2726 8587 148 3301 1612 8231 9245 537 8027 569 8805 8010 1974 5199 7079 9331 4328 3232 4135 8281 5963 1633 8993 3892 8657 7131 5220 5104 2876 7433 2923 2425 6814 1614 8056 2023 2254 3624 1307 3613 8208 7959 4600 1685 7631 1779 4656 9085 2936 8874 945 728 5087 3947 6379 0 4109 9543 3795 7499 6204 8075 9733 7204 1261 3363 2861 6922 451 2061 4442 5162 488 1685 2203 8874 6518 3056 296 
9063 7844 7525 5269 4910 7467 9503 6904 3128 7394 3559 3517 4254 2819 3430 4369 9635 9352 5605 4398 5670 2733 4575 4053 187 8809 2725 7548 2146 4415 5860 815 6674 1990 5571 7884 4079 2233 3427 4630 8776 152 9001 7420 7011 1059 2871 9676 1779 2623 7256 5865 8457 4004 5685 1960 9431 7225 7957 5505 3553 3110 3949 3137 2350 7354 8932 700 4322 6105 2588 1326 5058 4205 2971 8266 4109 0 1278 5511 2537 2536 6389 760 9220 1177 9798 7818 6997 5480 3138 8735 7062 3903 9040 1392 1276 474 5326 5734 
4536 9590 4200 5395 3200 520 679 1026 571 4507 8777 8793 9754 1864 1085 4832 7555 5154 117 8985 2463 2981 4913 5776 8879 5690 606 3685 4362 4227 6531 3837 8295 5466 9896 842 757 3623 5750 1698 330 3711 3590 9613 6868 4210 155 4975 4469 1980 5236 8939 4186 868 6419 4999 1173 8167 4639 412 8692 4861 5475 823 6558 8612 802 6429 1211 7623 2286 1771 5487 231 8849 5079 9543 1278 0 9364 147 5643 1892 6876 4363 2268 9090 1616 2796 2053 860 4957 2277 9558 4365 4794 4538 9130 913 927 
9425 6550 4256 3303 2799 7384 8765 4891 7448 7656 7779 9364 9814 1137 4200 4134 1872 2526 8412 6662 1649 5296 8122 2876 5608 5483 4379 3708 9757 9841 1465 8315 1528 6742 9417 6890 1146 2230 3985 8594 8335 9784 4384 1042 4275 2276 9036 5085 2675 5009 5530 9646 6382 8056 7080 9197 9777 7137 5259 1806 6824 4090 8725 9620 5870 8932 8588 3199 78 6359 4025 6019 194 4689 5047 3001 3795 5511 9364 0 8011 1851 8046 3948 7582 1126 7171 8108 8678 9273 2705 4615 4642 722 3190 6918 7284 8250 2944 6269 
1669 5159 1564 4473 3127 1991 7391 790 7875 6551 8632 9178 2615 2416 8585 8928 7443 6027 5624 7518 5134 9392 4157 6833 7537 1545 470 813 9942 8409 6711 7129 9691 6222 9341 9597 4727 3244 4970 5626 2128 7987 8058 26 6137 5800 9479 3768 5465 6937 9415 3667 4045 3284 3098 8342 6757 7748 660 1571 8153 6863 387 4611 854 7412 5935 5604 6087 7336 2353 985 5152 6456 8341 1997 7499 2537 147 8011 0 5610 9197 2902 6353 5460 1342 891 2056 4157 7636 689 9026 4458 1657 5401 8240 9012 5567 1548 
4115 8623 597 9103 171 5210 4107 522 7253 1786 3272 1956 6537 318 4467 5143 7322 8755 184 8853 6425 8061 716 3797 7036 8438 4024 2867 9596 158 7513 3024 4647 3021 4158 628 2440 7370 19 7050 7448 4116 1127 7250 7798 16 7146 4592 5753 2923 70 4721 8714 2017 8856 4506 3894 3796 3179 1218 5713 4090 4828 6955 4409 9139 8756 8788 8002 8888 3391 9919 8980 9338 3965 4052 6204 2536 5643 1851 5610 0 3213 9423 4432 1375 1036 4571 3097 9654 141 4521 2137 7572 6481 7846 2936 632 7445 5691 
